BeginView
center =  1.0 0.0 0.0 1.9935999 0.0 1.0 0.0 1.9847 0.0 0.0 1.0 3.3019 0.0 0.0 0.0 1.0
translate =  1.0 0.0 0.0 0.0 0.0 1.0 0.0 0.0 0.0 0.0 1.0 0.0 0.0 0.0 0.0 1.0
rotate =  1.0 0.0 0.0 0.0 0.0 -1.0 -1.2246469E-16 0.0 0.0 1.2246469E-16 -1.0 0.0 0.0 0.0 0.0 1.0
zoom =  1.0 0.0 0.0 0.0 0.0 1.0 0.0 0.0 0.0 0.0 1.0 9.625952 0.0 0.0 0.0 1.0
animate =  1.0 0.0 0.0 0.0 0.0 1.0 0.0 0.0 0.0 0.0 1.0 0.0 0.0 0.0 0.0 1.0
EndView
